C1 = 1E-7;
R1 = 1E8;
C2 = 1E-7;
R2 = 5E9;
V1 = 2E8;
V2 = 2E8;
V3 = 2E8;
C3 = 1E-8;
R3 = 1E8;
R0 = 1E9;

